PID: pid_1649_Lab04_Q04(b)_MulTable_Framed
Summary (matched count / unmatched count), total: 106
Exact:     15 / 91
Trim:      55 / 51
Filter:    60 / 46
SimpleTPA: 75 / 31
ComparisonOptions:
numErrorMargin=0.0001;caseSensitive=false;VBoundaries=0,12;BlockTypes=g,f
***###===EXPECTED===;Seq=1;Attempt=att_T1;TCID=0;Exact=false;Trim=false;Filter=false;SimpleTPA=false;Sid=4a270500d5e8b85d16021567e0d6dbe1a29af694
This is a 9 x 9 multiplication table

/-----------------------------\
|  1|  2  3  4  5  6  7  8  9 |
|-----------------------------|
|  2|  4  6  8 10 12 14 16 18 |
|  3|  6  9 12 15 18 21 24 27 |
|  4|  8 12 16 20 24 28 32 36 |
|  5| 10 15 20 25 30 35 40 45 |
|  6| 12 18 24 30 36 42 48 54 |
|  7| 14 21 28 35 42 49 56 63 |
|  8| 16 24 32 40 48 56 64 72 |
|  9| 18 27 36 45 54 63 72 81 |
\-----------------------------/

***###===END===
+++###===ACTUAL===
This is a 
9 x 9 
multiplication table
/-----------------------------\n| 1|
2 3 4 5 6 7 8 9 |
|-----------------------------|
| 2|
4 6 8 10 12 14 16 18 || 3| 
6 9 12 15 18 21 24 27 || 4|
8 12 16 20 24 28 32 36 || 5|
10 15 20 25 30 35 40 45 || 6|
12 18 24 30 36 42 48 54 || 7| 
14 21 28 35 42 49 56 63 || 8|
16 24 32 40 48 56 64 72 || 9| 
18 27 36 45 54 63 72 81 |
-----------------------------/
+++###===END===
***###===EXPECTED===;Seq=2;Attempt=att_T1;TCID=0;Exact=false;Trim=true;Filter=true;SimpleTPA=true;Sid=0905e468dd12ed6ef93f84491c88c6f693a7469f
This is a 9 x 9 multiplication table

/-----------------------------\
|  1|  2  3  4  5  6  7  8  9 |
|-----------------------------|
|  2|  4  6  8 10 12 14 16 18 |
|  3|  6  9 12 15 18 21 24 27 |
|  4|  8 12 16 20 24 28 32 36 |
|  5| 10 15 20 25 30 35 40 45 |
|  6| 12 18 24 30 36 42 48 54 |
|  7| 14 21 28 35 42 49 56 63 |
|  8| 16 24 32 40 48 56 64 72 |
|  9| 18 27 36 45 54 63 72 81 |
\-----------------------------/

***###===END===
+++###===ACTUAL===
This is a 9 x 9 multiplication table

/-----------------------------\
|  1|  2  3  4  5  6  7  8  9 |
|-----------------------------|
|  2|  4  6  8 10 12 14 16 18 |
|  3|  6  9 12 15 18 21 24 27 |
|  4|  8 12 16 20 24 28 32 36 |
|  5| 10 15 20 25 30 35 40 45 |
|  6| 12 18 24 30 36 42 48 54 |
|  7| 14 21 28 35 42 49 56 63 |
|  8| 16 24 32 40 48 56 64 72 |
|  9| 18 27 36 45 54 63 72 81 |
\-----------------------------/
+++###===END===
***###===EXPECTED===;Seq=3;Attempt=att_T1;TCID=0;Exact=true;Trim=true;Filter=true;SimpleTPA=true;Sid=62d4a3bddef16448d95b69e3f02e603983ebc4f2
This is a 9 x 9 multiplication table

/-----------------------------\
|  1|  2  3  4  5  6  7  8  9 |
|-----------------------------|
|  2|  4  6  8 10 12 14 16 18 |
|  3|  6  9 12 15 18 21 24 27 |
|  4|  8 12 16 20 24 28 32 36 |
|  5| 10 15 20 25 30 35 40 45 |
|  6| 12 18 24 30 36 42 48 54 |
|  7| 14 21 28 35 42 49 56 63 |
|  8| 16 24 32 40 48 56 64 72 |
|  9| 18 27 36 45 54 63 72 81 |
\-----------------------------/

***###===END===
+++###===ACTUAL===
This is a 9 x 9 multiplication table

/-----------------------------\
|  1|  2  3  4  5  6  7  8  9 |
|-----------------------------|
|  2|  4  6  8 10 12 14 16 18 |
|  3|  6  9 12 15 18 21 24 27 |
|  4|  8 12 16 20 24 28 32 36 |
|  5| 10 15 20 25 30 35 40 45 |
|  6| 12 18 24 30 36 42 48 54 |
|  7| 14 21 28 35 42 49 56 63 |
|  8| 16 24 32 40 48 56 64 72 |
|  9| 18 27 36 45 54 63 72 81 |
\-----------------------------/

+++###===END===
***###===EXPECTED===;Seq=4;Attempt=att_T1;TCID=0;Exact=false;Trim=true;Filter=true;SimpleTPA=true;Sid=c77fb3bd538e59da878fec7a353dc56a07401f58
This is a 9 x 9 multiplication table

/-----------------------------\
|  1|  2  3  4  5  6  7  8  9 |
|-----------------------------|
|  2|  4  6  8 10 12 14 16 18 |
|  3|  6  9 12 15 18 21 24 27 |
|  4|  8 12 16 20 24 28 32 36 |
|  5| 10 15 20 25 30 35 40 45 |
|  6| 12 18 24 30 36 42 48 54 |
|  7| 14 21 28 35 42 49 56 63 |
|  8| 16 24 32 40 48 56 64 72 |
|  9| 18 27 36 45 54 63 72 81 |
\-----------------------------/

***###===END===
+++###===ACTUAL===
This is a 9 x 9 multiplication table

/-----------------------------\
|  1|  2  3  4  5  6  7  8  9 |
|-----------------------------|
|  2|  4  6  8 10 12 14 16 18 |
|  3|  6  9 12 15 18 21 24 27 |
|  4|  8 12 16 20 24 28 32 36 |
|  5| 10 15 20 25 30 35 40 45 |
|  6| 12 18 24 30 36 42 48 54 |
|  7| 14 21 28 35 42 49 56 63 |
|  8| 16 24 32 40 48 56 64 72 |
|  9| 18 27 36 45 54 63 72 81 |
\-----------------------------/
+++###===END===
***###===EXPECTED===;Seq=5;Attempt=att_T1;TCID=0;Exact=false;Trim=false;Filter=false;SimpleTPA=false;Sid=3a0f1904df869d47ef3851b58ed32b9bc4345e57
This is a 9 x 9 multiplication table

/-----------------------------\
|  1|  2  3  4  5  6  7  8  9 |
|-----------------------------|
|  2|  4  6  8 10 12 14 16 18 |
|  3|  6  9 12 15 18 21 24 27 |
|  4|  8 12 16 20 24 28 32 36 |
|  5| 10 15 20 25 30 35 40 45 |
|  6| 12 18 24 30 36 42 48 54 |
|  7| 14 21 28 35 42 49 56 63 |
|  8| 16 24 32 40 48 56 64 72 |
|  9| 18 27 36 45 54 63 72 81 |
\-----------------------------/

***###===END===
+++###===ACTUAL===
This is a 9 X 9 multiplication table
/-----------------------------\
:   1:  2  3  4  5  6  7  8  9:
:-----------------------------:
:   2:  4  6  8 10 12 14 16 18:
:   3:  6  9 12 15 18 21 24 27:
:   4:  8 12 16 20 24 28 32 36:
:   5: 10 15 20 25 30 35 40 45:
:   6: 12 18 24 30 36 42 48 54:
:   7: 14 21 28 35 42 49 56 63:
:   8: 16 24 32 40 48 56 64 72:
:   9: 18 27 36 45 54 63 72 81:
\-----------------------------/
+++###===END===
***###===EXPECTED===;Seq=6;Attempt=att_T1;TCID=0;Exact=false;Trim=true;Filter=true;SimpleTPA=true;Sid=88f8e8d1a204213e82e2dac674d04b7c9e29c25b
This is a 9 x 9 multiplication table

/-----------------------------\
|  1|  2  3  4  5  6  7  8  9 |
|-----------------------------|
|  2|  4  6  8 10 12 14 16 18 |
|  3|  6  9 12 15 18 21 24 27 |
|  4|  8 12 16 20 24 28 32 36 |
|  5| 10 15 20 25 30 35 40 45 |
|  6| 12 18 24 30 36 42 48 54 |
|  7| 14 21 28 35 42 49 56 63 |
|  8| 16 24 32 40 48 56 64 72 |
|  9| 18 27 36 45 54 63 72 81 |
\-----------------------------/

***###===END===
+++###===ACTUAL===
This is a 9 x 9 multiplication table

/-----------------------------\
|  1|  2  3  4  5  6  7  8  9 |
|-----------------------------|
|  2|  4  6  8 10 12 14 16 18 |
|  3|  6  9 12 15 18 21 24 27 |
|  4|  8 12 16 20 24 28 32 36 |
|  5| 10 15 20 25 30 35 40 45 |
|  6| 12 18 24 30 36 42 48 54 |
|  7| 14 21 28 35 42 49 56 63 |
|  8| 16 24 32 40 48 56 64 72 |
|  9| 18 27 36 45 54 63 72 81 |
\-----------------------------/
+++###===END===
***###===EXPECTED===;Seq=7;Attempt=att_T1;TCID=0;Exact=false;Trim=false;Filter=false;SimpleTPA=true;Sid=d706c1c8b40e297ec49feb271b059bc5028b0f06
This is a 9 x 9 multiplication table

/-----------------------------\
|  1|  2  3  4  5  6  7  8  9 |
|-----------------------------|
|  2|  4  6  8 10 12 14 16 18 |
|  3|  6  9 12 15 18 21 24 27 |
|  4|  8 12 16 20 24 28 32 36 |
|  5| 10 15 20 25 30 35 40 45 |
|  6| 12 18 24 30 36 42 48 54 |
|  7| 14 21 28 35 42 49 56 63 |
|  8| 16 24 32 40 48 56 64 72 |
|  9| 18 27 36 45 54 63 72 81 |
\-----------------------------/

***###===END===
+++###===ACTUAL===
This is a 9 x 9 multiplication table
/-----------------------------\
|  1|  2  3  4  5  6  7  8  9|
|-----------------------------|
|  2|  4  6  8 10 12 14 16 18|
|  3|  6  9 12 15 18 21 24 27|
|  4|  8 12 16 20 24 28 32 36|
|  5| 10 15 20 25 30 35 40 45|
|  6| 12 18 24 30 36 42 48 54|
|  7| 14 21 28 35 42 49 56 63|
|  8| 16 24 32 40 48 56 64 72|
|  9| 18 27 36 45 54 63 72 81|
\-----------------------------/
+++###===END===
***###===EXPECTED===;Seq=8;Attempt=att_T1;TCID=0;Exact=false;Trim=false;Filter=false;SimpleTPA=false;Sid=328c957f1ebee45d49a00e1d9dd1f0c207859711
This is a 9 x 9 multiplication table

/-----------------------------\
|  1|  2  3  4  5  6  7  8  9 |
|-----------------------------|
|  2|  4  6  8 10 12 14 16 18 |
|  3|  6  9 12 15 18 21 24 27 |
|  4|  8 12 16 20 24 28 32 36 |
|  5| 10 15 20 25 30 35 40 45 |
|  6| 12 18 24 30 36 42 48 54 |
|  7| 14 21 28 35 42 49 56 63 |
|  8| 16 24 32 40 48 56 64 72 |
|  9| 18 27 36 45 54 63 72 81 |
\-----------------------------/

***###===END===
+++###===ACTUAL===
This is a 9 x9 multiplication table
  1  2  3  4  5  6  7  8  9
  2  4  6  8 10 12 14 16 18
  3  6  9 12 15 18 21 24 27
  4  8 12 16 20 24 28 32 36
  5 10 15 20 25 30 35 40 45
  6 12 18 24 30 36 42 48 54
  7 14 21 28 35 42 49 56 63
  8 16 24 32 40 48 56 64 72
  9 18 27 36 45 54 63 72 81
+++###===END===
***###===EXPECTED===;Seq=9;Attempt=att_T1;TCID=0;Exact=false;Trim=false;Filter=false;SimpleTPA=false;Sid=45fc8a49725686e9c444771cfcbdf7d61f080f4d
This is a 9 x 9 multiplication table

/-----------------------------\
|  1|  2  3  4  5  6  7  8  9 |
|-----------------------------|
|  2|  4  6  8 10 12 14 16 18 |
|  3|  6  9 12 15 18 21 24 27 |
|  4|  8 12 16 20 24 28 32 36 |
|  5| 10 15 20 25 30 35 40 45 |
|  6| 12 18 24 30 36 42 48 54 |
|  7| 14 21 28 35 42 49 56 63 |
|  8| 16 24 32 40 48 56 64 72 |
|  9| 18 27 36 45 54 63 72 81 |
\-----------------------------/

***###===END===
+++###===ACTUAL===
This is a 9 x 9 multiplication table

/----------------------------\
|  1|  2  3  4  5  6  7  8  9|
|----------------------------|
|  2|  4  6  8 10 12 14 16 18|
|  3|  6  9 12 15 18 21 24 27|
|  4|  8 12 16 20 24 28 32 36|
|  5| 10 15 20 25 30 35 40 45|
|  6| 12 18 24 30 36 42 48 54|
|  7| 14 21 28 35 42 49 56 63|
|  8| 16 24 32 40 48 56 64 72|
|  9| 18 27 36 45 54 63 72 81|
\-----------------------------/
+++###===END===
***###===EXPECTED===;Seq=10;Attempt=att_T1;TCID=0;Exact=false;Trim=true;Filter=true;SimpleTPA=true;Sid=d62fc874e9457116c123bb228b7aab74f62f3a7f
This is a 9 x 9 multiplication table

/-----------------------------\
|  1|  2  3  4  5  6  7  8  9 |
|-----------------------------|
|  2|  4  6  8 10 12 14 16 18 |
|  3|  6  9 12 15 18 21 24 27 |
|  4|  8 12 16 20 24 28 32 36 |
|  5| 10 15 20 25 30 35 40 45 |
|  6| 12 18 24 30 36 42 48 54 |
|  7| 14 21 28 35 42 49 56 63 |
|  8| 16 24 32 40 48 56 64 72 |
|  9| 18 27 36 45 54 63 72 81 |
\-----------------------------/

***###===END===
+++###===ACTUAL===
This is a 9 x 9 multiplication table

/-----------------------------\
|  1|  2  3  4  5  6  7  8  9 |
|-----------------------------|
|  2|  4  6  8 10 12 14 16 18 |
|  3|  6  9 12 15 18 21 24 27 |
|  4|  8 12 16 20 24 28 32 36 |
|  5| 10 15 20 25 30 35 40 45 |
|  6| 12 18 24 30 36 42 48 54 |
|  7| 14 21 28 35 42 49 56 63 |
|  8| 16 24 32 40 48 56 64 72 |
|  9| 18 27 36 45 54 63 72 81 |
\-----------------------------/
+++###===END===
***###===EXPECTED===;Seq=11;Attempt=att_T1;TCID=0;Exact=false;Trim=true;Filter=true;SimpleTPA=true;Sid=71de67865dc9076cbb1d8556295e4a03c28b3e8d
This is a 9 x 9 multiplication table

/-----------------------------\
|  1|  2  3  4  5  6  7  8  9 |
|-----------------------------|
|  2|  4  6  8 10 12 14 16 18 |
|  3|  6  9 12 15 18 21 24 27 |
|  4|  8 12 16 20 24 28 32 36 |
|  5| 10 15 20 25 30 35 40 45 |
|  6| 12 18 24 30 36 42 48 54 |
|  7| 14 21 28 35 42 49 56 63 |
|  8| 16 24 32 40 48 56 64 72 |
|  9| 18 27 36 45 54 63 72 81 |
\-----------------------------/

***###===END===
+++###===ACTUAL===
This is a 9 x 9 multiplication table

/-----------------------------\
|  1|  2  3  4  5  6  7  8  9 |
|-----------------------------|
|  2|  4  6  8 10 12 14 16 18 |
|  3|  6  9 12 15 18 21 24 27 |
|  4|  8 12 16 20 24 28 32 36 |
|  5| 10 15 20 25 30 35 40 45 |
|  6| 12 18 24 30 36 42 48 54 |
|  7| 14 21 28 35 42 49 56 63 |
|  8| 16 24 32 40 48 56 64 72 |
|  9| 18 27 36 45 54 63 72 81 |
\-----------------------------/
+++###===END===
***###===EXPECTED===;Seq=12;Attempt=att_T1;TCID=0;Exact=false;Trim=false;Filter=false;SimpleTPA=true;Sid=40db983d280d2fed664fb51638632088dd4f7df8
This is a 9 x 9 multiplication table

/-----------------------------\
|  1|  2  3  4  5  6  7  8  9 |
|-----------------------------|
|  2|  4  6  8 10 12 14 16 18 |
|  3|  6  9 12 15 18 21 24 27 |
|  4|  8 12 16 20 24 28 32 36 |
|  5| 10 15 20 25 30 35 40 45 |
|  6| 12 18 24 30 36 42 48 54 |
|  7| 14 21 28 35 42 49 56 63 |
|  8| 16 24 32 40 48 56 64 72 |
|  9| 18 27 36 45 54 63 72 81 |
\-----------------------------/

***###===END===
+++###===ACTUAL===
This is a 9 x 9 multiplication table
/-----------------------------\ 
|  1|  2  3  4  5  6  7  8  9 | 
|-----------------------------|
|  2|  4  6  8 10 12 14 16 18 | 
|  3|  6  9 12 15 18 21 24 27 | 
|  4|  8 12 16 20 24 28 32 36 | 
|  5| 10 15 20 25 30 35 40 45 | 
|  6| 12 18 24 30 36 42 48 54 | 
|  7| 14 21 28 35 42 49 56 63 | 
|  8| 16 24 32 40 48 56 64 72 | 
|  9| 18 27 36 45 54 63 72 81 | 
\-----------------------------/ 
+++###===END===
***###===EXPECTED===;Seq=13;Attempt=att_T1;TCID=0;Exact=false;Trim=true;Filter=true;SimpleTPA=true;Sid=8e70521e99d4022aa31a28d57fe52a03d52e26a6
This is a 9 x 9 multiplication table

/-----------------------------\
|  1|  2  3  4  5  6  7  8  9 |
|-----------------------------|
|  2|  4  6  8 10 12 14 16 18 |
|  3|  6  9 12 15 18 21 24 27 |
|  4|  8 12 16 20 24 28 32 36 |
|  5| 10 15 20 25 30 35 40 45 |
|  6| 12 18 24 30 36 42 48 54 |
|  7| 14 21 28 35 42 49 56 63 |
|  8| 16 24 32 40 48 56 64 72 |
|  9| 18 27 36 45 54 63 72 81 |
\-----------------------------/

***###===END===
+++###===ACTUAL===
This is a 9 x 9 multiplication table

/-----------------------------\
|  1|  2  3  4  5  6  7  8  9 |
|-----------------------------|
|  2|  4  6  8 10 12 14 16 18 |
|  3|  6  9 12 15 18 21 24 27 |
|  4|  8 12 16 20 24 28 32 36 |
|  5| 10 15 20 25 30 35 40 45 |
|  6| 12 18 24 30 36 42 48 54 |
|  7| 14 21 28 35 42 49 56 63 |
|  8| 16 24 32 40 48 56 64 72 |
|  9| 18 27 36 45 54 63 72 81 |
\-----------------------------/
+++###===END===
***###===EXPECTED===;Seq=14;Attempt=att_T1;TCID=0;Exact=false;Trim=true;Filter=true;SimpleTPA=true;Sid=8709f938d9059ebcf60b8e36d622ec739f17b927
This is a 9 x 9 multiplication table

/-----------------------------\
|  1|  2  3  4  5  6  7  8  9 |
|-----------------------------|
|  2|  4  6  8 10 12 14 16 18 |
|  3|  6  9 12 15 18 21 24 27 |
|  4|  8 12 16 20 24 28 32 36 |
|  5| 10 15 20 25 30 35 40 45 |
|  6| 12 18 24 30 36 42 48 54 |
|  7| 14 21 28 35 42 49 56 63 |
|  8| 16 24 32 40 48 56 64 72 |
|  9| 18 27 36 45 54 63 72 81 |
\-----------------------------/

***###===END===
+++###===ACTUAL===
This is a 9 x 9 multiplication table

/-----------------------------\
|  1|  2  3  4  5  6  7  8  9 |
|-----------------------------|
|  2|  4  6  8 10 12 14 16 18 |
|  3|  6  9 12 15 18 21 24 27 |
|  4|  8 12 16 20 24 28 32 36 |
|  5| 10 15 20 25 30 35 40 45 |
|  6| 12 18 24 30 36 42 48 54 |
|  7| 14 21 28 35 42 49 56 63 |
|  8| 16 24 32 40 48 56 64 72 |
|  9| 18 27 36 45 54 63 72 81 |
\-----------------------------/
+++###===END===
***###===EXPECTED===;Seq=15;Attempt=att_T1;TCID=0;Exact=false;Trim=true;Filter=true;SimpleTPA=true;Sid=74f46a4d9f85eca979fc0de313f89b39233d6421
This is a 9 x 9 multiplication table

/-----------------------------\
|  1|  2  3  4  5  6  7  8  9 |
|-----------------------------|
|  2|  4  6  8 10 12 14 16 18 |
|  3|  6  9 12 15 18 21 24 27 |
|  4|  8 12 16 20 24 28 32 36 |
|  5| 10 15 20 25 30 35 40 45 |
|  6| 12 18 24 30 36 42 48 54 |
|  7| 14 21 28 35 42 49 56 63 |
|  8| 16 24 32 40 48 56 64 72 |
|  9| 18 27 36 45 54 63 72 81 |
\-----------------------------/

***###===END===
+++###===ACTUAL===
This is a 9 x 9 multiplication table

/-----------------------------\
|  1|  2  3  4  5  6  7  8  9 |
|-----------------------------|
|  2|  4  6  8 10 12 14 16 18 |
|  3|  6  9 12 15 18 21 24 27 |
|  4|  8 12 16 20 24 28 32 36 |
|  5| 10 15 20 25 30 35 40 45 |
|  6| 12 18 24 30 36 42 48 54 |
|  7| 14 21 28 35 42 49 56 63 |
|  8| 16 24 32 40 48 56 64 72 |
|  9| 18 27 36 45 54 63 72 81 |
\-----------------------------/
+++###===END===
***###===EXPECTED===;Seq=16;Attempt=att_T1;TCID=0;Exact=false;Trim=true;Filter=true;SimpleTPA=true;Sid=7eb912297b0409867380a424f76705ccc4b0a81a
This is a 9 x 9 multiplication table

/-----------------------------\
|  1|  2  3  4  5  6  7  8  9 |
|-----------------------------|
|  2|  4  6  8 10 12 14 16 18 |
|  3|  6  9 12 15 18 21 24 27 |
|  4|  8 12 16 20 24 28 32 36 |
|  5| 10 15 20 25 30 35 40 45 |
|  6| 12 18 24 30 36 42 48 54 |
|  7| 14 21 28 35 42 49 56 63 |
|  8| 16 24 32 40 48 56 64 72 |
|  9| 18 27 36 45 54 63 72 81 |
\-----------------------------/

***###===END===
+++###===ACTUAL===
This is a 9 x 9 multiplication table 

/-----------------------------\
|  1|  2  3  4  5  6  7  8  9 |
|-----------------------------|
|  2|  4  6  8 10 12 14 16 18 |
|  3|  6  9 12 15 18 21 24 27 |
|  4|  8 12 16 20 24 28 32 36 |
|  5| 10 15 20 25 30 35 40 45 |
|  6| 12 18 24 30 36 42 48 54 |
|  7| 14 21 28 35 42 49 56 63 |
|  8| 16 24 32 40 48 56 64 72 |
|  9| 18 27 36 45 54 63 72 81 |
\-----------------------------/

+++###===END===
***###===EXPECTED===;Seq=17;Attempt=att_T1;TCID=0;Exact=false;Trim=false;Filter=false;SimpleTPA=true;Sid=a9b83183a74e718e39b3f528889c615df585accd
This is a 9 x 9 multiplication table

/-----------------------------\
|  1|  2  3  4  5  6  7  8  9 |
|-----------------------------|
|  2|  4  6  8 10 12 14 16 18 |
|  3|  6  9 12 15 18 21 24 27 |
|  4|  8 12 16 20 24 28 32 36 |
|  5| 10 15 20 25 30 35 40 45 |
|  6| 12 18 24 30 36 42 48 54 |
|  7| 14 21 28 35 42 49 56 63 |
|  8| 16 24 32 40 48 56 64 72 |
|  9| 18 27 36 45 54 63 72 81 |
\-----------------------------/

***###===END===
+++###===ACTUAL===
This is a 9 x 9 multiplication table 
/-----------------------------\
|  1|  2  3  4  5  6  7  8  9 |
|-----------------------------|
|  2|  4  6  8 10 12 14 16 18 |
|  3|  6  9 12 15 18 21 24 27 |
|  4|  8 12 16 20 24 28 32 36 |
|  5| 10 15 20 25 30 35 40 45 |
|  6| 12 18 24 30 36 42 48 54 |
|  7| 14 21 28 35 42 49 56 63 |
|  8| 16 24 32 40 48 56 64 72 |
|  9| 18 27 36 45 54 63 72 81 |
\-----------------------------/
+++###===END===
***###===EXPECTED===;Seq=18;Attempt=att_T1;TCID=0;Exact=false;Trim=false;Filter=true;SimpleTPA=true;Sid=bb3f34b1cf372146cce5aea20fea1f04abe9bde3
This is a 9 x 9 multiplication table

/-----------------------------\
|  1|  2  3  4  5  6  7  8  9 |
|-----------------------------|
|  2|  4  6  8 10 12 14 16 18 |
|  3|  6  9 12 15 18 21 24 27 |
|  4|  8 12 16 20 24 28 32 36 |
|  5| 10 15 20 25 30 35 40 45 |
|  6| 12 18 24 30 36 42 48 54 |
|  7| 14 21 28 35 42 49 56 63 |
|  8| 16 24 32 40 48 56 64 72 |
|  9| 18 27 36 45 54 63 72 81 |
\-----------------------------/

***###===END===
+++###===ACTUAL===
This is a 9 X 9 multiplication table 

/-----------------------------\
|  1|  2  3  4  5  6  7  8  9 |
|-----------------------------|
|  2|  4  6  8 10 12 14 16 18 |
|  3|  6  9 12 15 18 21 24 27 |
|  4|  8 12 16 20 24 28 32 36 |
|  5| 10 15 20 25 30 35 40 45 |
|  6| 12 18 24 30 36 42 48 54 |
|  7| 14 21 28 35 42 49 56 63 |
|  8| 16 24 32 40 48 56 64 72 |
|  9| 18 27 36 45 54 63 72 81 |
\-----------------------------/
+++###===END===
***###===EXPECTED===;Seq=19;Attempt=att_T1;TCID=0;Exact=false;Trim=true;Filter=true;SimpleTPA=true;Sid=4498024a740dd8a49457ee46d51fc73907f96d90
This is a 9 x 9 multiplication table

/-----------------------------\
|  1|  2  3  4  5  6  7  8  9 |
|-----------------------------|
|  2|  4  6  8 10 12 14 16 18 |
|  3|  6  9 12 15 18 21 24 27 |
|  4|  8 12 16 20 24 28 32 36 |
|  5| 10 15 20 25 30 35 40 45 |
|  6| 12 18 24 30 36 42 48 54 |
|  7| 14 21 28 35 42 49 56 63 |
|  8| 16 24 32 40 48 56 64 72 |
|  9| 18 27 36 45 54 63 72 81 |
\-----------------------------/

***###===END===
+++###===ACTUAL===
This is a 9 x 9 multiplication table

/-----------------------------\
|  1|  2  3  4  5  6  7  8  9 |
|-----------------------------|
|  2|  4  6  8 10 12 14 16 18 |
|  3|  6  9 12 15 18 21 24 27 |
|  4|  8 12 16 20 24 28 32 36 |
|  5| 10 15 20 25 30 35 40 45 |
|  6| 12 18 24 30 36 42 48 54 |
|  7| 14 21 28 35 42 49 56 63 |
|  8| 16 24 32 40 48 56 64 72 |
|  9| 18 27 36 45 54 63 72 81 |
\-----------------------------/
+++###===END===
***###===EXPECTED===;Seq=20;Attempt=att_T1;TCID=0;Exact=false;Trim=false;Filter=true;SimpleTPA=true;Sid=2b3b84bde914b6dacb45f0f1d2aff414ca730e74
This is a 9 x 9 multiplication table

/-----------------------------\
|  1|  2  3  4  5  6  7  8  9 |
|-----------------------------|
|  2|  4  6  8 10 12 14 16 18 |
|  3|  6  9 12 15 18 21 24 27 |
|  4|  8 12 16 20 24 28 32 36 |
|  5| 10 15 20 25 30 35 40 45 |
|  6| 12 18 24 30 36 42 48 54 |
|  7| 14 21 28 35 42 49 56 63 |
|  8| 16 24 32 40 48 56 64 72 |
|  9| 18 27 36 45 54 63 72 81 |
\-----------------------------/

***###===END===
+++###===ACTUAL===
This is a 9 X 9 multiplication table

/-----------------------------\
|  1|  2  3  4  5  6  7  8  9 |
|-----------------------------|
|  2|  4  6  8 10 12 14 16 18 |
|  3|  6  9 12 15 18 21 24 27 |
|  4|  8 12 16 20 24 28 32 36 |
|  5| 10 15 20 25 30 35 40 45 |
|  6| 12 18 24 30 36 42 48 54 |
|  7| 14 21 28 35 42 49 56 63 |
|  8| 16 24 32 40 48 56 64 72 |
|  9| 18 27 36 45 54 63 72 81 |
\-----------------------------/
+++###===END===
***###===EXPECTED===;Seq=21;Attempt=att_T1;TCID=0;Exact=false;Trim=true;Filter=true;SimpleTPA=true;Sid=a7f6b3755f5f5911e6c78067b140d5b4140bd79a
This is a 9 x 9 multiplication table

/-----------------------------\
|  1|  2  3  4  5  6  7  8  9 |
|-----------------------------|
|  2|  4  6  8 10 12 14 16 18 |
|  3|  6  9 12 15 18 21 24 27 |
|  4|  8 12 16 20 24 28 32 36 |
|  5| 10 15 20 25 30 35 40 45 |
|  6| 12 18 24 30 36 42 48 54 |
|  7| 14 21 28 35 42 49 56 63 |
|  8| 16 24 32 40 48 56 64 72 |
|  9| 18 27 36 45 54 63 72 81 |
\-----------------------------/

***###===END===
+++###===ACTUAL===
This is a 9 x 9 multiplication table

/-----------------------------\
|  1|  2  3  4  5  6  7  8  9 |
|-----------------------------|
|  2|  4  6  8 10 12 14 16 18 |
|  3|  6  9 12 15 18 21 24 27 |
|  4|  8 12 16 20 24 28 32 36 |
|  5| 10 15 20 25 30 35 40 45 |
|  6| 12 18 24 30 36 42 48 54 |
|  7| 14 21 28 35 42 49 56 63 |
|  8| 16 24 32 40 48 56 64 72 |
|  9| 18 27 36 45 54 63 72 81 |
\-----------------------------/
+++###===END===
***###===EXPECTED===;Seq=22;Attempt=att_T1;TCID=0;Exact=false;Trim=true;Filter=true;SimpleTPA=true;Sid=5daf1f768e66a0942ba444010e7ee2b673553a1f
This is a 9 x 9 multiplication table

/-----------------------------\
|  1|  2  3  4  5  6  7  8  9 |
|-----------------------------|
|  2|  4  6  8 10 12 14 16 18 |
|  3|  6  9 12 15 18 21 24 27 |
|  4|  8 12 16 20 24 28 32 36 |
|  5| 10 15 20 25 30 35 40 45 |
|  6| 12 18 24 30 36 42 48 54 |
|  7| 14 21 28 35 42 49 56 63 |
|  8| 16 24 32 40 48 56 64 72 |
|  9| 18 27 36 45 54 63 72 81 |
\-----------------------------/

***###===END===
+++###===ACTUAL===
This is a 9 x 9 multiplication table

/-----------------------------\
|  1|  2  3  4  5  6  7  8  9 |
|-----------------------------|
|  2|  4  6  8 10 12 14 16 18 |
|  3|  6  9 12 15 18 21 24 27 |
|  4|  8 12 16 20 24 28 32 36 |
|  5| 10 15 20 25 30 35 40 45 |
|  6| 12 18 24 30 36 42 48 54 |
|  7| 14 21 28 35 42 49 56 63 |
|  8| 16 24 32 40 48 56 64 72 |
|  9| 18 27 36 45 54 63 72 81 |
\-----------------------------/
+++###===END===
***###===EXPECTED===;Seq=23;Attempt=att_T1;TCID=0;Exact=true;Trim=true;Filter=true;SimpleTPA=true;Sid=67c6aa672e7cd4c1ce89ebeff9e25d06f204d468
This is a 9 x 9 multiplication table

/-----------------------------\
|  1|  2  3  4  5  6  7  8  9 |
|-----------------------------|
|  2|  4  6  8 10 12 14 16 18 |
|  3|  6  9 12 15 18 21 24 27 |
|  4|  8 12 16 20 24 28 32 36 |
|  5| 10 15 20 25 30 35 40 45 |
|  6| 12 18 24 30 36 42 48 54 |
|  7| 14 21 28 35 42 49 56 63 |
|  8| 16 24 32 40 48 56 64 72 |
|  9| 18 27 36 45 54 63 72 81 |
\-----------------------------/

***###===END===
+++###===ACTUAL===
This is a 9 x 9 multiplication table

/-----------------------------\
|  1|  2  3  4  5  6  7  8  9 |
|-----------------------------|
|  2|  4  6  8 10 12 14 16 18 |
|  3|  6  9 12 15 18 21 24 27 |
|  4|  8 12 16 20 24 28 32 36 |
|  5| 10 15 20 25 30 35 40 45 |
|  6| 12 18 24 30 36 42 48 54 |
|  7| 14 21 28 35 42 49 56 63 |
|  8| 16 24 32 40 48 56 64 72 |
|  9| 18 27 36 45 54 63 72 81 |
\-----------------------------/

+++###===END===
***###===EXPECTED===;Seq=24;Attempt=att_T1;TCID=0;Exact=false;Trim=false;Filter=false;SimpleTPA=true;Sid=3955dbd773a262dd17852a091aecfc74c818e160
This is a 9 x 9 multiplication table

/-----------------------------\
|  1|  2  3  4  5  6  7  8  9 |
|-----------------------------|
|  2|  4  6  8 10 12 14 16 18 |
|  3|  6  9 12 15 18 21 24 27 |
|  4|  8 12 16 20 24 28 32 36 |
|  5| 10 15 20 25 30 35 40 45 |
|  6| 12 18 24 30 36 42 48 54 |
|  7| 14 21 28 35 42 49 56 63 |
|  8| 16 24 32 40 48 56 64 72 |
|  9| 18 27 36 45 54 63 72 81 |
\-----------------------------/

***###===END===
+++###===ACTUAL===
This is a 9 x 9 multiplication table
/-----------------------------\
|  1|  2  3  4  5  6  7  8  9 |
|-----------------------------|
|  2|  4  6  8 10 12 14 16 18 |
|  3|  6  9 12 15 18 21 24 27 |
|  4|  8 12 16 20 24 28 32 36 |
|  5| 10 15 20 25 30 35 40 45 |
|  6| 12 18 24 30 36 42 48 54 |
|  7| 14 21 28 35 42 49 56 63 |
|  8| 16 24 32 40 48 56 64 72 |
|  9| 18 27 36 45 54 63 72 81 |
\-----------------------------/
+++###===END===
***###===EXPECTED===;Seq=25;Attempt=att_T1;TCID=0;Exact=false;Trim=false;Filter=false;SimpleTPA=true;Sid=4240aaeedc8fe23c142c1f1573556e58154d9637
This is a 9 x 9 multiplication table

/-----------------------------\
|  1|  2  3  4  5  6  7  8  9 |
|-----------------------------|
|  2|  4  6  8 10 12 14 16 18 |
|  3|  6  9 12 15 18 21 24 27 |
|  4|  8 12 16 20 24 28 32 36 |
|  5| 10 15 20 25 30 35 40 45 |
|  6| 12 18 24 30 36 42 48 54 |
|  7| 14 21 28 35 42 49 56 63 |
|  8| 16 24 32 40 48 56 64 72 |
|  9| 18 27 36 45 54 63 72 81 |
\-----------------------------/

***###===END===
+++###===ACTUAL===
This is a 9 x 9 multiplication table
/-----------------------------\
|  1|  2  3  4  5  6  7  8  9 |
|-----------------------------|
|  2|  4  6  8 10 12 14 16 18 |
|  3|  6  9 12 15 18 21 24 27 |
|  4|  8 12 16 20 24 28 32 36 |
|  5| 10 15 20 25 30 35 40 45 |
|  6| 12 18 24 30 36 42 48 54 |
|  7| 14 21 28 35 42 49 56 63 |
|  8| 16 24 32 40 48 56 64 72 |
|  9| 18 27 36 45 54 63 72 81 |
\-----------------------------/
+++###===END===
***###===EXPECTED===;Seq=26;Attempt=att_T1;TCID=0;Exact=false;Trim=false;Filter=false;SimpleTPA=false;Sid=69f88625caff5a8d43de7cfb0e00ade11c38c71f
This is a 9 x 9 multiplication table

/-----------------------------\
|  1|  2  3  4  5  6  7  8  9 |
|-----------------------------|
|  2|  4  6  8 10 12 14 16 18 |
|  3|  6  9 12 15 18 21 24 27 |
|  4|  8 12 16 20 24 28 32 36 |
|  5| 10 15 20 25 30 35 40 45 |
|  6| 12 18 24 30 36 42 48 54 |
|  7| 14 21 28 35 42 49 56 63 |
|  8| 16 24 32 40 48 56 64 72 |
|  9| 18 27 36 45 54 63 72 81 |
\-----------------------------/

***###===END===
+++###===ACTUAL===
This is a 9 X 9 multiplication table

/-----------------------------\
|  1  2  3  4  5  6  7  8  9  |
|-----------------------------|
|  2  4  6  8 10 12 14 16 18  |
|  3  6  9 12 15 18 21 24 27  |
|  4  8 12 16 20 24 28 32 36  |
|  5 10 15 20 25 30 35 40 45  |
|  6 12 18 24 30 36 42 48 54  |
|  7 14 21 28 35 42 49 56 63  |
|  8 16 24 32 40 48 56 64 72  |
|  9 18 27 36 45 54 63 72 81  |
\-----------------------------/
+++###===END===
***###===EXPECTED===;Seq=27;Attempt=att_T1;TCID=0;Exact=false;Trim=true;Filter=true;SimpleTPA=true;Sid=b4b786fb4080a37db27da3ccec3fb7538b7751e9
This is a 9 x 9 multiplication table

/-----------------------------\
|  1|  2  3  4  5  6  7  8  9 |
|-----------------------------|
|  2|  4  6  8 10 12 14 16 18 |
|  3|  6  9 12 15 18 21 24 27 |
|  4|  8 12 16 20 24 28 32 36 |
|  5| 10 15 20 25 30 35 40 45 |
|  6| 12 18 24 30 36 42 48 54 |
|  7| 14 21 28 35 42 49 56 63 |
|  8| 16 24 32 40 48 56 64 72 |
|  9| 18 27 36 45 54 63 72 81 |
\-----------------------------/

***###===END===
+++###===ACTUAL===
This is a 9 x 9 multiplication table

/-----------------------------\
|  1|  2  3  4  5  6  7  8  9 |
|-----------------------------|
|  2|  4  6  8 10 12 14 16 18 |
|  3|  6  9 12 15 18 21 24 27 |
|  4|  8 12 16 20 24 28 32 36 |
|  5| 10 15 20 25 30 35 40 45 |
|  6| 12 18 24 30 36 42 48 54 |
|  7| 14 21 28 35 42 49 56 63 |
|  8| 16 24 32 40 48 56 64 72 |
|  9| 18 27 36 45 54 63 72 81 |
\-----------------------------/


+++###===END===
***###===EXPECTED===;Seq=28;Attempt=att_T1;TCID=0;Exact=false;Trim=false;Filter=false;SimpleTPA=true;Sid=cc5c4fe15d77aba575b3f61d0cd96a1f3ece3f21
This is a 9 x 9 multiplication table

/-----------------------------\
|  1|  2  3  4  5  6  7  8  9 |
|-----------------------------|
|  2|  4  6  8 10 12 14 16 18 |
|  3|  6  9 12 15 18 21 24 27 |
|  4|  8 12 16 20 24 28 32 36 |
|  5| 10 15 20 25 30 35 40 45 |
|  6| 12 18 24 30 36 42 48 54 |
|  7| 14 21 28 35 42 49 56 63 |
|  8| 16 24 32 40 48 56 64 72 |
|  9| 18 27 36 45 54 63 72 81 |
\-----------------------------/

***###===END===
+++###===ACTUAL===
This is a 9 x 9 multiplication table
/-----------------------------\
|  1|  2  3  4  5  6  7  8  9 |
|-----------------------------|
|  2|  4  6  8 10 12 14 16 18 |
|  3|  6  9 12 15 18 21 24 27 |
|  4|  8 12 16 20 24 28 32 36 |
|  5| 10 15 20 25 30 35 40 45 |
|  6| 12 18 24 30 36 42 48 54 |
|  7| 14 21 28 35 42 49 56 63 |
|  8| 16 24 32 40 48 56 64 72 |
|  9| 18 27 36 45 54 63 72 81 |
\-----------------------------/
+++###===END===
***###===EXPECTED===;Seq=29;Attempt=att_T1;TCID=0;Exact=false;Trim=true;Filter=true;SimpleTPA=true;Sid=0b7c4ff3d4fbc2d1215ac72c1850e54d2bd73cbc
This is a 9 x 9 multiplication table

/-----------------------------\
|  1|  2  3  4  5  6  7  8  9 |
|-----------------------------|
|  2|  4  6  8 10 12 14 16 18 |
|  3|  6  9 12 15 18 21 24 27 |
|  4|  8 12 16 20 24 28 32 36 |
|  5| 10 15 20 25 30 35 40 45 |
|  6| 12 18 24 30 36 42 48 54 |
|  7| 14 21 28 35 42 49 56 63 |
|  8| 16 24 32 40 48 56 64 72 |
|  9| 18 27 36 45 54 63 72 81 |
\-----------------------------/

***###===END===
+++###===ACTUAL===
This is a 9 x 9 multiplication table

/-----------------------------\
|  1|  2  3  4  5  6  7  8  9 |
|-----------------------------|
|  2|  4  6  8 10 12 14 16 18 |
|  3|  6  9 12 15 18 21 24 27 |
|  4|  8 12 16 20 24 28 32 36 |
|  5| 10 15 20 25 30 35 40 45 |
|  6| 12 18 24 30 36 42 48 54 |
|  7| 14 21 28 35 42 49 56 63 |
|  8| 16 24 32 40 48 56 64 72 |
|  9| 18 27 36 45 54 63 72 81 |
\-----------------------------/
+++###===END===
***###===EXPECTED===;Seq=30;Attempt=att_T1;TCID=0;Exact=false;Trim=true;Filter=true;SimpleTPA=true;Sid=0290245214a197f5db49d51e8fc0c8af73649388
This is a 9 x 9 multiplication table

/-----------------------------\
|  1|  2  3  4  5  6  7  8  9 |
|-----------------------------|
|  2|  4  6  8 10 12 14 16 18 |
|  3|  6  9 12 15 18 21 24 27 |
|  4|  8 12 16 20 24 28 32 36 |
|  5| 10 15 20 25 30 35 40 45 |
|  6| 12 18 24 30 36 42 48 54 |
|  7| 14 21 28 35 42 49 56 63 |
|  8| 16 24 32 40 48 56 64 72 |
|  9| 18 27 36 45 54 63 72 81 |
\-----------------------------/

***###===END===
+++###===ACTUAL===
This is a 9 x 9 multiplication table

/-----------------------------\
|  1|  2  3  4  5  6  7  8  9 |
|-----------------------------|
|  2|  4  6  8 10 12 14 16 18 |
|  3|  6  9 12 15 18 21 24 27 |
|  4|  8 12 16 20 24 28 32 36 |
|  5| 10 15 20 25 30 35 40 45 |
|  6| 12 18 24 30 36 42 48 54 |
|  7| 14 21 28 35 42 49 56 63 |
|  8| 16 24 32 40 48 56 64 72 |
|  9| 18 27 36 45 54 63 72 81 |
\-----------------------------/
+++###===END===
***###===EXPECTED===;Seq=31;Attempt=att_T1;TCID=0;Exact=false;Trim=true;Filter=true;SimpleTPA=true;Sid=173a38fc3f7509788d0e40162591f53fd8afaea3
This is a 9 x 9 multiplication table

/-----------------------------\
|  1|  2  3  4  5  6  7  8  9 |
|-----------------------------|
|  2|  4  6  8 10 12 14 16 18 |
|  3|  6  9 12 15 18 21 24 27 |
|  4|  8 12 16 20 24 28 32 36 |
|  5| 10 15 20 25 30 35 40 45 |
|  6| 12 18 24 30 36 42 48 54 |
|  7| 14 21 28 35 42 49 56 63 |
|  8| 16 24 32 40 48 56 64 72 |
|  9| 18 27 36 45 54 63 72 81 |
\-----------------------------/

***###===END===
+++###===ACTUAL===
This is a 9 x 9 multiplication table

/-----------------------------\
|  1|  2  3  4  5  6  7  8  9 |
|-----------------------------|
|  2|  4  6  8 10 12 14 16 18 |
|  3|  6  9 12 15 18 21 24 27 |
|  4|  8 12 16 20 24 28 32 36 |
|  5| 10 15 20 25 30 35 40 45 |
|  6| 12 18 24 30 36 42 48 54 |
|  7| 14 21 28 35 42 49 56 63 |
|  8| 16 24 32 40 48 56 64 72 |
|  9| 18 27 36 45 54 63 72 81 |
\-----------------------------/
+++###===END===
***###===EXPECTED===;Seq=32;Attempt=att_T1;TCID=0;Exact=false;Trim=false;Filter=false;SimpleTPA=true;Sid=6520e875280f8c2e74bf53d3ebaf83a3aee3b059
This is a 9 x 9 multiplication table

/-----------------------------\
|  1|  2  3  4  5  6  7  8  9 |
|-----------------------------|
|  2|  4  6  8 10 12 14 16 18 |
|  3|  6  9 12 15 18 21 24 27 |
|  4|  8 12 16 20 24 28 32 36 |
|  5| 10 15 20 25 30 35 40 45 |
|  6| 12 18 24 30 36 42 48 54 |
|  7| 14 21 28 35 42 49 56 63 |
|  8| 16 24 32 40 48 56 64 72 |
|  9| 18 27 36 45 54 63 72 81 |
\-----------------------------/

***###===END===
+++###===ACTUAL===
This is a 9 X 9 multiplication table
/-----------------------------\
|  1|  2  3  4  5  6  7  8  9 |
|-----------------------------|
|  2|  4  6  8 10 12 14 16 18 |
|  3|  6  9 12 15 18 21 24 27 |
|  4|  8 12 16 20 24 28 32 36 |
|  5| 10 15 20 25 30 35 40 45 |
|  6| 12 18 24 30 36 42 48 54 |
|  7| 14 21 28 35 42 49 56 63 |
|  8| 16 24 32 40 48 56 64 72 |
|  9| 18 27 36 45 54 63 72 81 |
\-----------------------------/
+++###===END===
***###===EXPECTED===;Seq=33;Attempt=att_T1;TCID=0;Exact=false;Trim=true;Filter=true;SimpleTPA=true;Sid=f72a41103a3549b399b4bce04cd3c0ec36d4015e
This is a 9 x 9 multiplication table

/-----------------------------\
|  1|  2  3  4  5  6  7  8  9 |
|-----------------------------|
|  2|  4  6  8 10 12 14 16 18 |
|  3|  6  9 12 15 18 21 24 27 |
|  4|  8 12 16 20 24 28 32 36 |
|  5| 10 15 20 25 30 35 40 45 |
|  6| 12 18 24 30 36 42 48 54 |
|  7| 14 21 28 35 42 49 56 63 |
|  8| 16 24 32 40 48 56 64 72 |
|  9| 18 27 36 45 54 63 72 81 |
\-----------------------------/

***###===END===
+++###===ACTUAL===
This is a 9 x 9 multiplication table

/-----------------------------\
|  1|  2  3  4  5  6  7  8  9 |
|-----------------------------|
|  2|  4  6  8 10 12 14 16 18 |
|  3|  6  9 12 15 18 21 24 27 |
|  4|  8 12 16 20 24 28 32 36 |
|  5| 10 15 20 25 30 35 40 45 |
|  6| 12 18 24 30 36 42 48 54 |
|  7| 14 21 28 35 42 49 56 63 |
|  8| 16 24 32 40 48 56 64 72 |
|  9| 18 27 36 45 54 63 72 81 |
\-----------------------------/
+++###===END===
***###===EXPECTED===;Seq=34;Attempt=att_T1;TCID=0;Exact=true;Trim=true;Filter=true;SimpleTPA=true;Sid=411131003175bfef4ce21bec8eb1cebcf57c1162
This is a 9 x 9 multiplication table

/-----------------------------\
|  1|  2  3  4  5  6  7  8  9 |
|-----------------------------|
|  2|  4  6  8 10 12 14 16 18 |
|  3|  6  9 12 15 18 21 24 27 |
|  4|  8 12 16 20 24 28 32 36 |
|  5| 10 15 20 25 30 35 40 45 |
|  6| 12 18 24 30 36 42 48 54 |
|  7| 14 21 28 35 42 49 56 63 |
|  8| 16 24 32 40 48 56 64 72 |
|  9| 18 27 36 45 54 63 72 81 |
\-----------------------------/

***###===END===
+++###===ACTUAL===
This is a 9 x 9 multiplication table

/-----------------------------\
|  1|  2  3  4  5  6  7  8  9 |
|-----------------------------|
|  2|  4  6  8 10 12 14 16 18 |
|  3|  6  9 12 15 18 21 24 27 |
|  4|  8 12 16 20 24 28 32 36 |
|  5| 10 15 20 25 30 35 40 45 |
|  6| 12 18 24 30 36 42 48 54 |
|  7| 14 21 28 35 42 49 56 63 |
|  8| 16 24 32 40 48 56 64 72 |
|  9| 18 27 36 45 54 63 72 81 |
\-----------------------------/

+++###===END===
***###===EXPECTED===;Seq=35;Attempt=att_T1;TCID=0;Exact=false;Trim=true;Filter=true;SimpleTPA=true;Sid=b152475aef4d61aafd2c9930acf982d14ef7d34b
This is a 9 x 9 multiplication table

/-----------------------------\
|  1|  2  3  4  5  6  7  8  9 |
|-----------------------------|
|  2|  4  6  8 10 12 14 16 18 |
|  3|  6  9 12 15 18 21 24 27 |
|  4|  8 12 16 20 24 28 32 36 |
|  5| 10 15 20 25 30 35 40 45 |
|  6| 12 18 24 30 36 42 48 54 |
|  7| 14 21 28 35 42 49 56 63 |
|  8| 16 24 32 40 48 56 64 72 |
|  9| 18 27 36 45 54 63 72 81 |
\-----------------------------/

***###===END===
+++###===ACTUAL===
This is a 9 x 9 multiplication table

/-----------------------------\
|  1|  2  3  4  5  6  7  8  9 |
|-----------------------------|
|  2|  4  6  8 10 12 14 16 18 |
|  3|  6  9 12 15 18 21 24 27 |
|  4|  8 12 16 20 24 28 32 36 |
|  5| 10 15 20 25 30 35 40 45 |
|  6| 12 18 24 30 36 42 48 54 |
|  7| 14 21 28 35 42 49 56 63 |
|  8| 16 24 32 40 48 56 64 72 |
|  9| 18 27 36 45 54 63 72 81 |
\-----------------------------/
+++###===END===
***###===EXPECTED===;Seq=36;Attempt=att_T1;TCID=0;Exact=false;Trim=false;Filter=false;SimpleTPA=false;Sid=42c0a8bb7e5fad223c090924dcc2e8b83c291369
This is a 9 x 9 multiplication table

/-----------------------------\
|  1|  2  3  4  5  6  7  8  9 |
|-----------------------------|
|  2|  4  6  8 10 12 14 16 18 |
|  3|  6  9 12 15 18 21 24 27 |
|  4|  8 12 16 20 24 28 32 36 |
|  5| 10 15 20 25 30 35 40 45 |
|  6| 12 18 24 30 36 42 48 54 |
|  7| 14 21 28 35 42 49 56 63 |
|  8| 16 24 32 40 48 56 64 72 |
|  9| 18 27 36 45 54 63 72 81 |
\-----------------------------/

***###===END===
+++###===ACTUAL===
This is a 9 x 9 multiplication table

/------------------------------\
|  1|  2  3  4  5  6  7  8  9  |
|------------------------------|
|  2|  4  6  8 10 12 14 16 18  |
|  3|  6  9 12 15 18 21 24 27  |
|  4|  8 12 16 20 24 28 32 36  |
|  5| 10 15 20 25 30 35 40 45  |
|  6| 12 18 24 30 36 42 48 54  |
|  7| 14 21 28 35 42 49 56 63  |
|  8| 16 24 32 40 48 56 64 72  |
|  9| 18 27 36 45 54 63 72 81  |
\------------------------------/
+++###===END===
***###===EXPECTED===;Seq=37;Attempt=att_T1;TCID=0;Exact=true;Trim=true;Filter=true;SimpleTPA=true;Sid=02e4f358bb2a1e886232b86625fbcc0d9c66a701
This is a 9 x 9 multiplication table

/-----------------------------\
|  1|  2  3  4  5  6  7  8  9 |
|-----------------------------|
|  2|  4  6  8 10 12 14 16 18 |
|  3|  6  9 12 15 18 21 24 27 |
|  4|  8 12 16 20 24 28 32 36 |
|  5| 10 15 20 25 30 35 40 45 |
|  6| 12 18 24 30 36 42 48 54 |
|  7| 14 21 28 35 42 49 56 63 |
|  8| 16 24 32 40 48 56 64 72 |
|  9| 18 27 36 45 54 63 72 81 |
\-----------------------------/

***###===END===
+++###===ACTUAL===
This is a 9 x 9 multiplication table

/-----------------------------\
|  1|  2  3  4  5  6  7  8  9 |
|-----------------------------|
|  2|  4  6  8 10 12 14 16 18 |
|  3|  6  9 12 15 18 21 24 27 |
|  4|  8 12 16 20 24 28 32 36 |
|  5| 10 15 20 25 30 35 40 45 |
|  6| 12 18 24 30 36 42 48 54 |
|  7| 14 21 28 35 42 49 56 63 |
|  8| 16 24 32 40 48 56 64 72 |
|  9| 18 27 36 45 54 63 72 81 |
\-----------------------------/

+++###===END===
***###===EXPECTED===;Seq=38;Attempt=att_T1;TCID=0;Exact=false;Trim=false;Filter=false;SimpleTPA=false;Sid=6437ef2841e137dbd6140762ff90e5b04964e1fd
This is a 9 x 9 multiplication table

/-----------------------------\
|  1|  2  3  4  5  6  7  8  9 |
|-----------------------------|
|  2|  4  6  8 10 12 14 16 18 |
|  3|  6  9 12 15 18 21 24 27 |
|  4|  8 12 16 20 24 28 32 36 |
|  5| 10 15 20 25 30 35 40 45 |
|  6| 12 18 24 30 36 42 48 54 |
|  7| 14 21 28 35 42 49 56 63 |
|  8| 16 24 32 40 48 56 64 72 |
|  9| 18 27 36 45 54 63 72 81 |
\-----------------------------/

***###===END===
+++###===ACTUAL===
This is a 9 x 9 multiplication table
/-------------------------------\
| 1|  1  2  3  4  5  6  7  8  9 |
|-------------------------------|
| 2|  2  4  6  8 10 12 14 16 18 |
| 3|  3  6  9 12 15 18 21 24 27 |
| 4|  4  8 12 16 20 24 28 32 36 |
| 5|  5 10 15 20 25 30 35 40 45 |
| 6|  6 12 18 24 30 36 42 48 54 |
| 7|  7 14 21 28 35 42 49 56 63 |
| 8|  8 16 24 32 40 48 56 64 72 |
| 9|  9 18 27 36 45 54 63 72 81 |
\-------------------------------/
+++###===END===
***###===EXPECTED===;Seq=39;Attempt=att_T1;TCID=0;Exact=true;Trim=true;Filter=true;SimpleTPA=true;Sid=a900c7c28cc1c8d728cb16f20daab4405c170fcd
This is a 9 x 9 multiplication table

/-----------------------------\
|  1|  2  3  4  5  6  7  8  9 |
|-----------------------------|
|  2|  4  6  8 10 12 14 16 18 |
